#doc name topic proportion ...
0	file:/home/delano/Research/Comprehension/Clustering/Input/an%20empirical%20investigation%20of%20the%20influence%20of%20a%20type%20of%20side%20effects%20on%20program%20comprehension	2	0.7289806118355414	8	0.2436041665041989	6	0.024849563880936273	9	5.957078634847381E-4	1	5.823030017501181E-4	3	4.441868675280403E-4	5	2.8947996490167894E-4	4	2.4857905379275694E-4	7	2.2838335854572043E-4	0	1.770176693203092E-4	
1	file:/home/delano/Research/Comprehension/Clustering/Input/indentation%20simply%20a%20matter%20of%20style%20or%20support%20for%20program%20comprehension	5	0.8016280904387284	8	0.1903837364011109	6	0.003439251665186434	1	0.0033422851220280946	2	3.4900763312727915E-4	9	3.0161389757893024E-4	3	2.248970352427462E-4	4	1.2585849854714369E-4	7	1.1563318051601614E-4	0	8.962612793410699E-5	
2	file:/home/delano/Research/Comprehension/Clustering/Input/typographic%20style%20is%20more%20than%20cosmetic	3	0.5914452278565422	8	0.40176928877698903	9	0.004673647515102502	6	5.467497174180887E-4	2	4.870419563432163E-4	1	4.114324051389799E-4	5	2.045351609747581E-4	4	1.7563618539101082E-4	7	1.6136670121530023E-4	0	1.2507372488490981E-4	
3	file:/home/delano/Research/Comprehension/Clustering/Input/detecting%20and%20comparing%20brain%20activity%20in%20short%20program%20comprehension%20using%20eeg	9	0.6987923242586556	8	0.2857367209418385	6	0.012811691184467813	2	6.893136991995175E-4	1	5.823030017501181E-4	3	4.441868675280403E-4	5	2.8947996490167894E-4	4	2.4857905379275694E-4	7	2.2838335854572043E-4	0	1.770176693203092E-4	
4	file:/home/delano/Research/Comprehension/Clustering/Input/program%20readability%20procedures%20versus%20comments	8	0.5289321452398381	3	0.46058060616856	9	0.0072233178792551565	6	8.450245758889175E-4	2	7.527437317069911E-4	1	6.358860052115344E-4	5	3.161176533812476E-4	4	2.7145307686971286E-4	7	2.493989917378994E-4	0	1.9330667755041329E-4	
5	file:/home/delano/Research/Comprehension/Clustering/Input/a%20paradigm%20for%20programming%20style%20research	8	0.896810942352339	0	0.0709675768470361	2	0.019073916889866073	6	0.011667550602341755	9	3.6910355904765443E-4	1	3.6079783995600654E-4	3	2.75220395325584E-4	5	1.7936322796406598E-4	4	1.5402081974020404E-4	7	1.415074663835483E-4	
6	file:/home/delano/Research/Comprehension/Clustering/Input/relating%20identifier%20naming%20flaws%20and%20code%20quality%20an%20empirical%20study	6	0.7480183659734735	1	0.23533264811791388	8	0.012792512016777006	2	9.946315105484008E-4	9	8.595648291793016E-4	3	6.409306176973282E-4	5	4.1769936546744396E-4	4	3.5868220819011844E-4	7	3.295412308767966E-4	0	2.5542412987625084E-4	
7	file:/home/delano/Research/Comprehension/Clustering/Input/program%20factors%20as%20predictors%20of%20program%20readability	7	0.694940690772138	6	0.10451186138403888	8	0.10207595831284275	9	0.09697090025944197	2	4.255153000566924E-4	1	3.594572932488553E-4	3	2.7419781216727143E-4	5	1.7869680273086458E-4	4	1.5344855438861367E-4	0	1.0927350894612897E-4	
8	file:/home/delano/Research/Comprehension/Clustering/Input/does%20the%20discipline%20of%20preprocessor%20annotations%20matter%20a%20controlled%20experiment	2	0.7935586538170798	8	0.2028650922210175	6	8.286842642303981E-4	9	6.379451256384645E-4	1	6.235898237738324E-4	3	4.756808905534808E-4	5	3.1000485959465783E-4	4	2.662039657748679E-4	7	2.44576342351601E-4	0	1.8956868998534882E-4	
9	file:/home/delano/Research/Comprehension/Clustering/Input/beacons%20in%20computer%20program%20comprehension	8	0.5650123855793557	3	0.42724755256019376	2	0.005406576463586266	6	6.236662012778859E-4	9	4.8011628831902967E-4	1	4.693125154364505E-4	5	2.3330906776737183E-4	4	2.003445983786187E-4	7	1.8406769012142585E-4	0	1.4266903556348575E-4	
10	file:/home/delano/Research/Comprehension/Clustering/Input/effective%20identifier%20names%20for%20comprehension%20and%20memory	9	0.8492299444144618	8	0.14940597407241954	6	3.0746468109676175E-4	2	2.7388802411268637E-4	1	2.3136899610356335E-4	3	1.764907089839303E-4	5	1.1502033935957231E-4	4	9.876900162895679E-5	7	9.074455778979296E-5	0	7.033520404349209E-5	
11	file:/home/delano/Research/Comprehension/Clustering/Input/enhancing%20program%20comprehension%20formatting%20and%20documenting	3	0.7464249757698818	8	0.23341445262169414	1	0.013857886391888025	6	0.0016244659716304637	2	0.0014470662894387606	9	0.0012505609109515797	5	6.077011078752523E-4	4	5.218384161257862E-4	7	4.794418848836206E-4	0	3.7161063563063556E-4	
12	file:/home/delano/Research/Comprehension/Clustering/Input/measuring%20the%20difficulty%20of%20code%20comprehension%20tasks%20using%20software%20metrics	9	0.7555175695564594	8	0.1797661180127961	6	0.03610411532344641	5	0.02242179547811479	2	0.004950309705255122	1	4.2970673135023273E-4	3	3.277848240186138E-4	4	1.8343730388883846E-4	7	1.6853402129220581E-4	0	1.3062904337819004E-4	
13	file:/home/delano/Research/Comprehension/Clustering/Input/meaningful%20identifier%20names%20the%20case%20of%20singleletter%20variables	8	0.9124338198949963	1	0.07537890052324397	4	0.010374822655591242	6	4.3857194053541443E-4	2	3.9067772531150847E-4	9	3.3762537046145945E-4	3	2.5174882672521903E-4	5	1.6406662792626303E-4	7	1.294393120567002E-4	0	1.003271231520762E-4	
14	file:/home/delano/Research/Comprehension/Clustering/Input/measuring%20neural%20efficiency%20of%20program%20comprehension	7	0.6585156572843623	8	0.10915396856633235	6	0.10812328372447977	1	0.08408616379113448	9	0.03022356619429218	2	0.009320951166006166	3	2.2085868941388765E-4	5	1.4393529015291524E-4	4	1.2359853037065946E-4	0	8.801676345534107E-5	
15	file:/home/delano/Research/Comprehension/Clustering/Input/linking%20code%20readability%20structure%20and%20comprehension%20among%20novices%20its%20complicated	4	0.8523931491893965	8	0.12490423942388655	9	0.010891927843670612	6	0.008819036194209174	1	0.0023427601801418963	2	2.446353783725123E-4	3	1.576405960479411E-4	5	1.0273557717947843E-4	7	8.10525735912381E-5	0	6.282304350411554E-5	
16	file:/home/delano/Research/Comprehension/Clustering/Input/the%20effects%20of%20naming%20style%20and%20expertise%20on%20program%20comprehension	8	0.8425525083114126	1	0.1546007146636832	6	6.391693093863968E-4	2	5.69368873838935E-4	9	4.920510295431263E-4	3	3.6689561926910497E-4	5	2.3910866969045544E-4	4	2.0532476879871813E-4	7	1.886432487991116E-4	0	1.462155055782881E-4	
17	file:/home/delano/Research/Comprehension/Clustering/Input/on%20method%20ordering	2	0.7018186273595696	8	0.2256177689380962	6	0.06192873156969583	5	0.004594039842684842	7	0.004549546862209274	9	4.3381817616427017E-4	1	4.240562223175822E-4	3	3.234745561690433E-4	4	1.8102516075276987E-4	0	1.289113123405225E-4	
18	file:/home/delano/Research/Comprehension/Clustering/Input/automatically%20assessing%20code%20understandability%20reanalyzed%20combined%20metrics%20matter	0	0.4419076862603082	6	0.2575793745854026	9	0.18142446892397787	8	0.0741391613205378	2	0.04387058284835195	1	3.503453211083233E-4	3	2.672471037732891E-4	5	1.741669731275506E-4	4	1.495587488989085E-4	7	1.3740791451360835E-4	
19	file:/home/delano/Research/Comprehension/Clustering/Input/an%20experimental%20investigation%20of%20the%20effect%20of%20program%20structure%20on%20program%20understanding	8	0.5642846216151932	9	0.4272333615973534	2	0.006019824211104051	6	6.944063259598448E-4	1	5.225448788205066E-4	3	3.9860274147393766E-4	5	2.5977244274180255E-4	4	2.2306893687831826E-4	7	2.0494579979360303E-4	0	1.5885145068127878E-4	
20	file:/home/delano/Research/Comprehension/Clustering/Input/a%20comprehensive%20model%20for%20code%20readability	6	0.956320914349485	8	0.03270495648379962	5	0.008801808251335204	9	0.0015993372299110194	2	1.666673258501651E-4	1	1.4079349394755815E-4	3	1.0739876122385328E-4	4	6.0103268230581745E-5	7	5.522020479456231E-5	0	4.280063142239289E-5	
21	file:/home/delano/Research/Comprehension/Clustering/Input/conditional%20statements%20looping%20constructs%20and%20program%20comprehension%20an%20experiments%20study	1	0.6258532410954409	8	0.34246431346216594	4	0.029923976692304982	6	4.2550807192277536E-4	2	3.790404954715796E-4	9	3.2756842638378443E-4	3	2.442499119708705E-4	5	1.5917952806225713E-4	7	1.255836660161561E-4	0	9.733865026084949E-5	
22	file:/home/delano/Research/Comprehension/Clustering/Input/how%20programmers%20read%20regular%20code%20a%20controlled%20experiment%20using%20eye%20tracking	7	0.713841625784873	8	0.17730693875982922	2	0.10344043734990625	6	0.002426276783975476	9	0.002362658166248534	1	2.079904675565947E-4	3	1.5865732098578787E-4	5	1.0339818456578068E-4	4	8.878895260326713E-5	0	6.322822945623312E-5	
23	file:/home/delano/Research/Comprehension/Clustering/Input/exploring%20the%20influence%20of%20identifier%20names%20on%20code%20quality%20an%20empirical%20study	6	0.8322798294172775	1	0.10985185363931411	9	0.02601133453662761	8	0.020365722847313545	5	0.008702916864703626	7	0.0022314550034662024	2	2.462131882521151E-4	3	1.5865732098578787E-4	4	8.878895260326713E-5	0	6.322822945623312E-5	
24	file:/home/delano/Research/Comprehension/Clustering/Input/automatically%20assessing%20code%20understandability	0	0.8958459887550081	6	0.0813243047344331	1	0.010593009679265986	3	0.010545317066744317	8	9.829927586418703E-4	2	2.3802556701261356E-4	9	2.0570271872514476E-4	5	9.995976122994457E-5	4	8.583634750794948E-5	7	7.886261143107742E-5	
25	file:/home/delano/Research/Comprehension/Clustering/Input/an%20empirical%20study%20on%20the%20impact%20of%20c++%20lambdas%20and%20programmer%20experience	2	0.7783436286728851	8	0.16969856790610052	9	0.049713780392714776	6	6.328764863556141E-4	1	4.762433095837983E-4	3	3.63283416416239E-4	5	2.3675456957740026E-4	4	2.033032818234954E-4	7	1.8678599663882824E-4	0	1.4477596790423442E-4	
26	file:/home/delano/Research/Comprehension/Clustering/Input/program%20comprehension%20investigating%20the%20effects%20of%20naming%20style%20and%20documentation	1	0.606968044130008	8	0.38908681192973865	6	8.857788670001328E-4	2	7.890474535743204E-4	9	6.818982029556051E-4	3	5.084543033761884E-4	5	3.3136354236351916E-4	4	2.845448590893552E-4	7	2.6142713790327913E-4	0	2.026295739908441E-4	
27	file:/home/delano/Research/Comprehension/Clustering/Input/an%20investigation%20of%20misunderstanding%20code%20patterns%20in%20c%20opensource%20software%20projects	1	0.7870142345461452	4	0.16736684869400417	3	0.02688202510017664	2	0.011835892712423428	6	0.004288797132175412	8	0.0017973521820532378	9	3.7611694196581667E-4	5	1.8277133110562147E-4	7	1.4419626746172662E-4	0	1.1176509248878936E-4	
28	file:/home/delano/Research/Comprehension/Clustering/Input/measurement%20of%20source%20code%20readability%20using%20word%20concreteness%20and%20memory%20retention%20of%20variable%20names	0	0.6236780056862231	6	0.21409442654106792	8	0.1557726115985782	2	0.004760028901293974	9	4.227013940841691E-4	1	4.131895946098709E-4	3	3.151853780133843E-4	5	2.0540871159158524E-4	4	1.7638631117551797E-4	7	1.620558833623218E-4	
29	file:/home/delano/Research/Comprehension/Clustering/Input/replicating%20novices%20struggles%20with%20coding%20style	4	0.8544070280738285	8	0.14221892454223847	6	6.906758128974567E-4	2	6.152506135733201E-4	9	5.317022263521749E-4	1	5.197376456153232E-4	3	3.964613543952459E-4	5	2.583768844718556E-4	7	2.038447830622897E-4	0	1.5799806356541878E-4	
30	file:/home/delano/Research/Comprehension/Clustering/Input/the%20effect%20of%20modularization%20and%20comments%20on%20program%20comprehension	8	0.6547547562389036	4	0.14037391842306132	3	0.11011053777198301	9	0.04934116126739137	5	0.042938927748500604	6	7.832471170846927E-4	2	6.977126755667018E-4	1	5.89398101058197E-4	7	2.3116610671003408E-4	0	1.7917454974053282E-4	
31	file:/home/delano/Research/Comprehension/Clustering/Input/measuring%20the%20impact%20of%20lexical%20and%20structural%20inconsistencies%20on%20developers%20cognitive%20load%20during%20bug%20localization	5	0.9879038109608067	6	0.005054262971196394	8	0.003497533652839942	2	0.0026464312422216133	9	2.3500911415283207E-4	1	2.2972084304765305E-4	3	1.7523348046044466E-4	4	9.806542234821725E-5	7	9.009814049643387E-5	0	6.98341724297729E-5	
32	file:/home/delano/Research/Comprehension/Clustering/Input/effects%20of%20variable%20names%20on%20comprehension%20an%20empirical%20study	8	0.48436534114117996	2	0.2959669763153536	1	0.1177390847631818	6	0.052700278767081325	7	0.039271110405804686	3	0.009010938562631495	9	4.300481768746469E-4	5	2.089788280105408E-4	4	1.794520023077363E-4	0	1.2779103757415555E-4	
33	file:/home/delano/Research/Comprehension/Clustering/Input/impacts%20of%20coding%20practices%20on%20readability	3	0.6124954599373057	6	0.16285543313340803	8	0.1332669839393786	2	0.08953812477513644	9	5.17793682997713E-4	1	5.061420779860866E-4	5	2.5161812755612414E-4	4	2.160667529659625E-4	7	1.9851250521524374E-4	0	1.5386506805005847E-4	
34	file:/home/delano/Research/Comprehension/Clustering/Input/automatic%20segmentation%20of%20method%20code%20into%20meaningful%20blocks%20design%20and%20evaluation	3	0.7498771708858856	8	0.11364472542190335	2	0.1085786273962016	9	0.019015918247867556	1	0.007819523715483966	6	4.7946178904981446E-4	5	1.7936322796406598E-4	4	1.5402081974020404E-4	7	1.415074663835483E-4	0	1.0968102952047208E-4	
35	file:/home/delano/Research/Comprehension/Clustering/Input/descriptive%20compound%20identifier%20names%20improve%20source%20code%20comprehension	1	0.8370028493733084	8	0.10614413500565799	5	0.045437233539100515	2	0.0050398504116536515	3	0.004855688736884319	6	5.813631569653042E-4	9	4.475501807147754E-4	4	1.8675529947861173E-4	7	1.715824477982624E-4	0	1.329918484382109E-4	
